-0.0129217 -0.168429 -0.00381389 ../Cropped/GeneratedImgs/020/B33_black/P02/857/033000857_003_000002_r073_06.png
0.142764 -0.127094 0.0118956 ../Cropped/img_014b/GeneratedImgs/014b/Campagne_IR_Pose_20150710/cam1/1/182797675_cam1_1_image_000000069344_20.png
-0.0542528 -0.158413 -0.0721422 ../Cropped/GeneratedImgs/020/B77/077000429_002_006300_01.png
0.181701 0.034095 0.0531511 ../Cropped/GeneratedImgs/020/B53/053001319_002_000001_43.png
-0.243606 -0.0228522 -0.0367622 ../Cropped/GeneratedImgs/020/B73/sea/201/073000201_002_120414_17.png
0.34997 -0.166306 -0.0939511 ../Cropped/GeneratedImgs/022/B73/sea/241/073000241_002_110308_01.png
0.347976 -0.418741 -0.375982 ../Cropped/GeneratedImgs/022/B73/sea/007/073000007_002_110209_00.png
0.0610222 0.00554222 -0.0191289 ../Cropped/GeneratedImgs/020/B73/sea/212/073000212_002_110905_05.png
-0.0936611 -0.00648 0.03512 ../Cropped/GeneratedImgs/020/B73/sea/139/073000139_002_220709_03.png
0.214128 -0.142831 -0.0703711 ../Cropped/GeneratedImgs/020/B33/P02/808/033000808_003_000005_r097_38.png
0.0309644 -0.16529 0.0483428 ../Cropped/GeneratedImgs/020/B33_black/P02/159/033000159_003_000007_r067_11.png
-0.215603 -0.0863517 -0.0668972 ../Cropped/img_014b/GeneratedImgs/014b/Campagne_IR_Pose_20150710/cam1/11/1165160383_cam1_11_image_000000100185_04.png
0.253893 -0.0172367 0.0372083 ../Cropped/GeneratedImgs/022/B73/sea/228/073000228_002_111215_00.png
0.164007 -0.0606422 -0.0263889 ../Cropped/GeneratedImgs/020/B77/077000234_002_005211_08.png
-0.259039 -0.077865 -0.04282 ../Cropped/GeneratedImgs/020/B73/sea/219/073000219_002_120317_35.png
-0.184147 -0.186216 0.0907922 ../Cropped/GeneratedImgs/020/B73/sea/138/073000138_002_120400_02.png
0.0655794 0.00636611 0.0329061 ../Cropped/GeneratedImgs/020/B53/053002278_002_000001_08.png
-0.0475111 -0.131913 0.103398 ../Cropped/GeneratedImgs/020/B73/sea/106/073000106_002_110711_02.png
0.211011 0.0512283 0.0830189 ../Cropped/GeneratedImgs/020/B73/sea/069/073000069_002_111216_14.png
0.191528 -0.124221 -0.112938 ../Cropped/GeneratedImgs/020/B33_black/P02/811/033000811_003_000002_r070_13.png
0.243773 0.0304644 0.0363 ../Cropped/GeneratedImgs/022/B73/sea/134/073000134_002_111217_01.png
0.0968389 0.0106806 0.00208833 ../Cropped/GeneratedImgs/020/B77/077000263_002_005110_08.png
0.151667 0.0650794 0.108983 ../Cropped/GeneratedImgs/020/B33_black/P02/21/033000021_003_000106_r069_85.png
0.244371 0.02057 -0.00444889 ../Cropped/GeneratedImgs/020/B73/sea/215/073000215_002_121204_14.png
-0.21114 -0.0968206 0.0925889 ../Cropped/GeneratedImgs/020/B33/P02/159/033000159_003_000007_r029_15.png
-0.140472 -0.148993 0.0465817 ../Cropped/GeneratedImgs/020/B33_black/P02/813/033000813_003_000002_r098_38.png
-0.0481044 -0.11671 0.0448239 ../Cropped/GeneratedImgs/020/B33_black/P02/27/033000027_003_000105_r158_02.png
0.336078 -0.157824 0.0200961 ../Cropped/GeneratedImgs/022/B73/sea/231/073000231_002_121310_00.png
0.0564906 -0.128253 -0.0187256 ../Cropped/GeneratedImgs/020/B33_black/P02/846/033000846_003_000002_r156_06.png
0.197649 -0.0289922 -0.0204433 ../Cropped/GeneratedImgs/020/B33_black/P02/817/033000817_003_000002_r022_62.png
0.245452 -0.05124 -0.0166933 ../Cropped/GeneratedImgs/020/B33_black/P02/289/033000289_003_000005_r038_26.png
-0.138741 0.0329928 -0.0862478 ../Cropped/GeneratedImgs/020/B53/053002517_002_000001_00.png
-0.0670683 -0.11505 0.0364661 ../Cropped/GeneratedImgs/020/B33_black/P02/46/033000046_003_000025_r114_03.png
0.0557028 -0.106304 -0.0151789 ../Cropped/GeneratedImgs/020/B73/sea/047/073000047_002_220707_29.png
-0.129693 -0.00684611 -0.000342778 ../Cropped/GeneratedImgs/020/B53/053002333_002_000005_09.png
-0.189251 0.00368389 -0.0668139 ../Cropped/GeneratedImgs/020/B77/077000448_002_007200_23.png
-0.163611 -0.166152 0.116292 ../Cropped/GeneratedImgs/022/B73/sea/214/073000214_002_121213_00.png
-0.0136311 -0.164748 0.00132222 ../Cropped/GeneratedImgs/020/B33_black/P02/11/033000011_003_000096_r067_18.png
0.245431 0.0380261 0.0686739 ../Cropped/GeneratedImgs/020/B73/sea/115/073000115_002_111214_11.png
0.225088 -0.102475 -0.06723 ../Cropped/GeneratedImgs/022/B73/sea/009/073000009_002_121213_01.png
-0.0333656 -0.0726706 -0.00299 ../Cropped/GeneratedImgs/020/B33_black/P02/828/033000828_003_000002_r042_04.png
0.42393 -0.165045 -0.0912189 ../Cropped/GeneratedImgs/022/B73/sea/106/073000106_002_111411_01.png
-0.120215 0.0293089 -0.0895233 ../Cropped/GeneratedImgs/020/B73/sea/125/073000125_002_230605_00.png
0.128422 -0.0456722 -0.115291 ../Cropped/GeneratedImgs/020/B33_black/P02/807/033000807_003_000003_r194_05.png
0.151925 0.0278283 0.0587922 ../Cropped/GeneratedImgs/020/B73/sea/089/073000089_002_121008_11.png
0.179964 0.00651111 0.0296061 ../Cropped/GeneratedImgs/020/B73/sea/110/073000110_002_220610_06.png
0.0238789 -0.283339 -0.0579444 ../Cropped/img_014b/GeneratedImgs/014b/Campagne_IR_Pose_20150710/cam1/3/1134635127_cam1_3_image_000000017747_17.png
0.0676772 -0.0437767 -0.0127494 ../Cropped/GeneratedImgs/020/helen/testset/3023909862_1_11.png
-0.141849 0.0315594 -0.100143 ../Cropped/GeneratedImgs/020/B33_black/P02/1/033000001_003_000250_r244_62.png
-0.159048 -0.147486 0.0776506 ../Cropped/GeneratedImgs/020/B73/sea/004/073000004_002_121217_02.png
-0.251138 -0.0531928 -0.0295861 ../Cropped/GeneratedImgs/020/B33_black/P02/834/033000834_003_000002_r184_42.png
0.0732528 0.0402822 0.0984222 ../Cropped/GeneratedImgs/020/B33/P02/813/033000813_003_000002_r111_04.png
0.00962278 -0.299648 -0.00263167 ../Cropped/img_014b/GeneratedImgs/014b/Campagne_IR_Pose_20150710/cam1/3/1134448023_cam1_3_image_000000016787_19.png
-0.0146689 -0.0250333 0.0261694 ../Cropped/GeneratedImgs/020/B53/053001475_002_000002_04.png
0.228165 0.0724072 0.11171 ../Cropped/GeneratedImgs/020/B73/sea/291/073000291_002_220618_23.png
-0.18137 -0.122841 0.0980517 ../Cropped/GeneratedImgs/020/B33_black/P02/159/033000159_003_000007_r037_29.png
0.08499 -0.0360539 -0.0486317 ../Cropped/GeneratedImgs/020/B73/sea/036/073000036_002_220706_00.png
0.230902 -0.0538372 -0.0557989 ../Cropped/GeneratedImgs/020/B73/sea/091/073000091_002_120418_22.png
-0.338937 -0.0234083 0.00476889 ../Cropped/GeneratedImgs/020/B33_black/P02/835/033000835_003_000002_r065_00.png
0.0575922 -0.100942 -0.0529694 ../Cropped/GeneratedImgs/020/B33/P02/21/033000021_003_000106_r040_01.png
0.234128 0.0541067 0.113093 ../Cropped/GeneratedImgs/020/B73/sea/017/073000017_002_111201_18.png
0.24849 -0.255043 -0.0419367 ../Cropped/img_014b/GeneratedImgs/014b/Campagne_IR_Pose_20150710/cam1/1/1134448023_cam1_1_image_000000009672_20.png
0.206914 -0.149629 -0.100202 ../Cropped/GeneratedImgs/020/B33/P02/834/033000834_003_000002_r183_24.png
0.0837278 -0.0430672 0.123529 ../Cropped/GeneratedImgs/020/B53/053003876_002_000001_13.png
-0.0317072 -0.105594 -0.0711256 ../Cropped/img_014b/GeneratedImgs/014b/Campagne_IR_Pose_20150710/cam1/13/182797675_cam1_13_image_000000140668_47.png
-0.184529 -0.0457294 0.0767389 ../Cropped/GeneratedImgs/020/B33/P02/281/033000281_003_000008_r141_08.png
0.152261 -0.133172 -0.138251 ../Cropped/GeneratedImgs/020/B33_black/P02/208/033000208_003_000007_r046_00.png
-0.00178278 0.0381594 -0.07803 ../Cropped/GeneratedImgs/020/B77/077000226_002_003401_01.png
-0.253465 -0.0223828 -0.06875 ../Cropped/GeneratedImgs/020/B73/sea/056/073000056_002_110412_04.png
0.250499 -0.282919 -0.130092 ../Cropped/GeneratedImgs/020/B73/sea/126/073000126_002_121313_00.png
-0.196207 -0.109401 0.127603 ../Cropped/GeneratedImgs/020/B73/sea/178/073000178_002_220609_36.png
-0.194082 -0.0323639 0.0111506 ../Cropped/GeneratedImgs/020/B33_black/P02/153/033000153_003_000008_r056_22.png
0.183294 -0.07413 -0.0787872 ../Cropped/GeneratedImgs/020/B73/sea/105/073000105_002_121007_48.png
-0.451636 -0.495658 0.443338 ../Cropped/GeneratedImgs/022/B73/sea/202/073000202_002_110119_01.png
7.83333e-05 -0.154497 0.0168661 ../Cropped/GeneratedImgs/020/B77/077000241_002_004310_01.png
0.02433 -0.0961433 0.0464144 ../Cropped/GeneratedImgs/020/B53/053004902_002_000001_05.png
0.0582178 -0.008465 0.123833 ../Cropped/GeneratedImgs/020/B53/053003514_002_000002_05.png
-0.0303072 0.0422233 -0.0112822 ../Cropped/GeneratedImgs/020/B77/077000405_002_007400_15.png
0.215416 -0.150986 -0.111005 ../Cropped/GeneratedImgs/020/B33/P02/208/033000208_003_000008_r213_03.png
0.118101 0.0101006 0.109694 ../Cropped/GeneratedImgs/020/B33_black/P02/11/033000011_003_000096_r145_49.png
-0.0191611 0.0463644 0.0618106 ../Cropped/GeneratedImgs/020/B33_black/P02/836/033000836_003_000002_r092_05.png
-0.151359 -0.0482594 0.0677361 ../Cropped/GeneratedImgs/020/B33_black/P02/281/033000281_003_000008_r047_42.png
0.139544 -0.139461 -0.0687106 ../Cropped/GeneratedImgs/020/B73/sea/221/073000221_002_121012_56.png
0.412588 -0.447409 -0.443172 ../Cropped/GeneratedImgs/022/B73/sea/044/073000044_002_111518_01.png
-0.136765 0.00740722 -0.0322356 ../Cropped/GeneratedImgs/020/B53/053002267_002_000001_19.png
-0.254844 -0.0661394 0.0273594 ../Cropped/GeneratedImgs/020/B33_black/P02/819/033000819_003_000004_r155_02.png
-0.0681683 -0.0456867 0.0352522 ../Cropped/GeneratedImgs/020/helen/trainset/111247636_1_10.png
0.351188 -0.186301 -0.132041 ../Cropped/GeneratedImgs/022/B73/sea/048/073000048_002_111404_00.png
-0.129255 0.0580833 -0.0898728 ../Cropped/GeneratedImgs/020/B33_black/P02/14/033000014_003_000108_r237_12.png
0.0481461 -0.141201 -0.0758383 ../Cropped/GeneratedImgs/020/B53/053004833_002_000001_26.png
0.268511 -0.0785533 -0.0264372 ../Cropped/GeneratedImgs/020/B33/P02/281/033000281_003_000008_r122_68.png
-0.121287 0.0293594 -0.0393978 ../Cropped/GeneratedImgs/020/B77/077000221_002_004201_00.png
-0.458422 -0.469437 0.435463 ../Cropped/GeneratedImgs/022/B73/sea/160/073000160_002_111504_00.png
-0.188626 -0.0528561 0.0618528 ../Cropped/GeneratedImgs/020/B33_black/P02/253/033000253_003_000006_r102_96.png
0.0773061 0.0305833 0.0822283 ../Cropped/GeneratedImgs/020/B33_black/P02/834/033000834_003_000002_r055_03.png
-0.121963 -0.243566 0.144195 ../Cropped/img_014b/GeneratedImgs/014b/Campagne_IR_Pose_20150710/cam1/1/1134007543_cam1_1_image_000000014668_56.png
-0.251985 -0.0831322 -0.0513361 ../Cropped/GeneratedImgs/020/B53/053000977_002_000002_32.png
-0.168977 0.0131478 -0.0253261 ../Cropped/GeneratedImgs/020/B53/053001394_002_000002_23.png
0.260322 -0.147614 -0.101401 ../Cropped/GeneratedImgs/022/B73/sea/037/073000037_002_111314_00.png
0.26366 -0.0157867 0.0883144 ../Cropped/GeneratedImgs/020/B73/sea/217/073000217_002_111214_09.png
0.372204 -0.189343 -0.18727 ../Cropped/GeneratedImgs/022/B73/sea/110/073000110_002_111409_00.png
0.0351883 -0.0639367 -0.107412 ../Cropped/GeneratedImgs/020/B53/053001523_002_000001_01.png
-0.204317 -0.0274106 0.0788611 ../Cropped/GeneratedImgs/020/B73/sea/224/073000224_002_120416_20.png
-0.0841883 -0.0916461 -0.0462022 ../Cropped/GeneratedImgs/020/B33/P02/289/033000289_003_000005_r043_02.png
0.195326 -0.272364 -0.142339 ../Cropped/GeneratedImgs/022/B73/sea/009/073000009_002_121302_01.png
-0.179678 0.0470189 -0.12808 ../Cropped/GeneratedImgs/020/B33/P02/845/033000845_003_000004_r178_48.png
-0.0590839 -0.0502583 0.0668983 ../Cropped/GeneratedImgs/020/B53/053005316_002_000001_07.png
-0.185894 -0.141892 0.112183 ../Cropped/GeneratedImgs/020/B53/053003423_002_000002_83.png
0.138745 -0.149646 -0.0926156 ../Cropped/GeneratedImgs/020/B73/sea/207/073000207_002_121011_14.png
0.139762 -0.249813 -0.103878 ../Cropped/img_014b/GeneratedImgs/014b/Campagne_IR_Pose_20150710/cam1/10/1134448023_cam1_10_image_000000040528_82.png
0.211544 -0.181799 -0.110767 ../Cropped/GeneratedImgs/020/B73/sea/042/073000042_002_111207_12.png
-0.08059 -0.114686 0.123904 ../Cropped/GeneratedImgs/020/B53/053001934_002_000025_12.png
0.169648 -0.0769833 0.0621372 ../Cropped/img_014b/GeneratedImgs/014b/Campagne_IR_Pose_20150710/cam1/13/1134593127_cam1_13_image_000000057452_05.png
-0.407385 -0.352095 0.306424 ../Cropped/GeneratedImgs/022/B73/sea/006/073000006_002_110118_01.png
-0.0755978 -0.304037 0.0598089 ../Cropped/img_014b/GeneratedImgs/014b/Campagne_IR_Pose_20150710/cam1/5/2207794697_cam1_5_image_000000063943_91.png
0.0399533 -0.170992 0.0524378 ../Cropped/GeneratedImgs/020/B33_black/P02/824/033000824_003_000002_r098_00.png
-0.0860083 -0.081145 -0.0733394 ../Cropped/GeneratedImgs/020/B53/053002988_002_000001_29.png
0.222331 0.0721556 0.0997667 ../Cropped/GeneratedImgs/020/B73/sea/088/073000088_002_121206_32.png
0.0402361 -0.0830733 -0.0265106 ../Cropped/GeneratedImgs/020/B77/077000075_002_002310_03.png
0.0767717 -0.0447039 -0.0501289 ../Cropped/GeneratedImgs/020/B33/P02/829/033000829_003_000004_r360_01.png
0.0411283 0.0476033 -0.0879022 ../Cropped/GeneratedImgs/020/B77/077000202_002_004400_09.png
-0.109797 0.0456244 -0.137426 ../Cropped/GeneratedImgs/020/B33_black/P02/153/033000153_003_000008_r164_02.png
-0.199999 -0.104998 0.0853583 ../Cropped/GeneratedImgs/020/B73/sea/029/073000029_002_121205_23.png
-0.137591 -0.151626 0.0528056 ../Cropped/GeneratedImgs/020/B33_black/P02/813/033000813_003_000002_r098_06.png
-0.21193 -0.248834 0.113103 ../Cropped/GeneratedImgs/022/B73/sea/057/073000057_002_120307_00.png
0.159809 0.0624828 0.0810517 ../Cropped/GeneratedImgs/020/B33_black/P02/820/033000820_003_000002_r060_01.png
-0.304423 -0.31304 0.208469 ../Cropped/GeneratedImgs/022/B73/sea/199/073000199_002_110319_01.png
-0.250118 0.00235944 -0.0308606 ../Cropped/GeneratedImgs/020/B33_black/P02/846/033000846_003_000002_r061_33.png
-0.137379 0.03019 -0.0609967 ../Cropped/GeneratedImgs/020/B33_black/P02/13/033000013_003_000157_r265_05.png
-0.149538 -0.0152372 -0.0171278 ../Cropped/GeneratedImgs/020/B33_black/P02/140/033000140_003_000008_r086_03.png
0.437127 -0.077455 -0.0758244 ../Cropped/GeneratedImgs/022/B73/sea/197/073000197_002_111502_00.png
0.140526 -0.102297 -0.089035 ../Cropped/GeneratedImgs/020/B33/P02/811/033000811_003_000002_r221_01.png
-0.0851161 0.0298489 -0.0278811 ../Cropped/GeneratedImgs/020/afw/815038_1_13.png
-0.190708 0.0692328 -0.105067 ../Cropped/GeneratedImgs/020/B33/P02/847/033000847_003_000002_r122_21.png
0.164218 -0.0151322 0.0975139 ../Cropped/GeneratedImgs/020/B53/053003068_002_000001_19.png
-0.0518083 -0.223242 -0.0824644 ../Cropped/img_014b/GeneratedImgs/014b/Campagne_IR_Pose_20150710/cam1/3/1134795575_cam1_3_image_000000025427_32.png
0.0784072 0.0153017 0.0791883 ../Cropped/GeneratedImgs/020/B33_black/P02/814/033000814_003_000002_r040_01.png
0.204103 -0.00224889 -0.0632594 ../Cropped/GeneratedImgs/022/B73/sea/092/073000092_002_121208_01.png
-0.180518 -0.0507511 0.0337206 ../Cropped/GeneratedImgs/020/B53/053002792_002_000002_40.png
-0.232808 -0.138898 0.0526 ../Cropped/GeneratedImgs/020/B73/sea/185/073000185_002_120404_21.png
-0.089335 -0.155186 0.0939067 ../Cropped/GeneratedImgs/020/B33/P02/808/033000808_003_000006_r213_11.png
0.240134 -0.130145 -0.0577006 ../Cropped/GeneratedImgs/020/B73/sea/124/073000124_002_121205_36.png
0.0625878 -0.182461 -0.0949272 ../Cropped/img_014b/GeneratedImgs/014b/Campagne_IR_Pose_20150710/cam1/12/2207757769_cam1_12_image_000000055158_10.png
-0.0308072 0.0304267 0.0702317 ../Cropped/GeneratedImgs/020/B33/P02/851/033000851_003_000003_r114_00.png
-0.0185944 -0.129597 -0.0467244 ../Cropped/GeneratedImgs/020/B77/077000403_002_006300_06.png
0.166399 -0.0182861 0.0530539 ../Cropped/GeneratedImgs/020/B73/sea/298/073000298_002_320607_07.png
-0.186652 -0.245557 0.113812 ../Cropped/img_014b/GeneratedImgs/014b/Campagne_IR_Pose_20150710/cam1/6/1134795575_cam1_6_image_000000035187_98.png
0.391592 -0.0552078 0.0324661 ../Cropped/GeneratedImgs/022/B73/sea/079/073000079_002_120206_01.png
0.058055 -0.05151 -0.0273717 ../Cropped/GeneratedImgs/020/B53/053004803_002_000002_04.png
0.197249 -0.0890133 -0.0479139 ../Cropped/GeneratedImgs/020/B73/sea/221/073000221_002_220607_20.png
0.0103128 -0.211953 0.028775 ../Cropped/img_014b/GeneratedImgs/014b/Campagne_IR_Pose_20150710/cam1/3/1134635111_cam1_3_image_000000048097_59.png
0.147248 0.036595 0.107623 ../Cropped/GeneratedImgs/020/B77/077000439_002_006210_41.png
0.147269 -0.028135 -0.0822178 ../Cropped/GeneratedImgs/020/B77/077000039_002_001200_42.png
-0.137864 -0.0969172 0.0310767 ../Cropped/GeneratedImgs/020/B73/sea/169/073000169_002_121006_03.png
0.0977956 -0.04812 -0.0630444 ../Cropped/GeneratedImgs/020/B53/053000901_002_000001_04.png
0.13691 0.0516817 0.192511 ../Cropped/GeneratedImgs/020/B33/P02/203/033000203_003_000008_r252_07.png
-0.0939367 -0.0118244 -0.0372978 ../Cropped/GeneratedImgs/020/B53/053003670_002_000002_30.png
0.241792 0.0264572 0.0503656 ../Cropped/GeneratedImgs/020/B53/053001073_002_000002_22.png
-0.0708922 -0.0788472 0.0509144 ../Cropped/GeneratedImgs/020/B77/077000427_002_006100_02.png
0.223457 -0.0157917 0.0648267 ../Cropped/GeneratedImgs/020/B33_black/P02/45/033000045_003_000117_r216_44.png
0.0872506 0.0654528 -0.0412256 ../Cropped/GeneratedImgs/020/B53/053000765_002_000001_00.png
0.151483 0.00805278 0.0318483 ../Cropped/GeneratedImgs/020/B53/053005423_002_000001_12.png
-0.22471 -0.0431806 0.03132 ../Cropped/GeneratedImgs/022/B73/sea/017/073000017_002_121219_00.png
-0.161592 -0.0775322 -0.0637061 ../Cropped/img_014b/GeneratedImgs/014b/Campagne_IR_Pose_20150710/cam1/15/182768827_cam1_15_image_000000112707_48.png
-0.117093 -0.148148 0.0798356 ../Cropped/GeneratedImgs/020/B73/sea/103/073000103_002_121011_17.png
-0.08047 0.0272133 -0.00235389 ../Cropped/GeneratedImgs/020/helen/testset/296814969_3_13.png
0.123122 -0.152044 -0.00748389 ../Cropped/img_014b/GeneratedImgs/014b/Campagne_IR_Pose_20150710/cam1/12/183309099_cam1_12_image_000000120501_43.png
-0.207645 -0.162572 0.126326 ../Cropped/GeneratedImgs/020/B73/sea/108/073000108_002_120418_16.png
0.0402294 0.00948444 -0.0296944 ../Cropped/GeneratedImgs/020/B33_black/P02/835/033000835_003_000002_r203_00.png
-0.00537278 0.125813 -0.0943567 ../Cropped/GeneratedImgs/020/B53/053001286_002_000001_00.png
-0.457771 0.442636 -0.476067 ../Cropped/GeneratedImgs/022/B73/sea/184/073000184_002_110114_00.png
0.175734 0.01285 0.0310628 ../Cropped/GeneratedImgs/020/B33_black/P02/851/033000851_003_000003_r176_47.png
0.415379 -0.498606 0.48755 ../Cropped/GeneratedImgs/022/B73/sea/195/073000195_002_111518_01.png
0.0347994 -0.170763 -0.00209 ../Cropped/GeneratedImgs/020/B53/053005388_002_000002_47.png
0.430565 -0.458842 -0.470507 ../Cropped/GeneratedImgs/022/B73/sea/077/073000077_002_120107_01.png
-0.218433 -0.169682 0.0905589 ../Cropped/GeneratedImgs/020/B73/sea/219/073000219_002_120317_89.png
0.186213 0.0670089 0.18934 ../Cropped/GeneratedImgs/020/B33_black/P02/191/033000191_003_000007_r128_03.png
0.00790056 -0.0901361 0.0937789 ../Cropped/GeneratedImgs/020/B53/053004433_002_000001_05.png
0.033855 -0.119283 0.0268256 ../Cropped/img_014b/GeneratedImgs/014b/Campagne_IR_Pose_20150710/cam1/14/2207667593_cam1_14_image_000000109798_56.png
0.453309 0.291125 0.335406 ../Cropped/GeneratedImgs/022/B73/sea/036/073000036_002_120117_00.png
0.106447 -0.128031 0.00480889 ../Cropped/img_014b/GeneratedImgs/014b/Campagne_IR_Pose_20150710/cam1/12/1134508039_cam1_12_image_000000073355_27.png
-0.191666 0.0306833 0.006335 ../Cropped/GeneratedImgs/020/B33_black/P02/63/033000063_003_000144_r147_67.png
-0.208214 -0.00290389 -0.152778 ../Cropped/img_014b/GeneratedImgs/014b/Campagne_IR_Pose_20150710/cam1/11/2207744297_cam1_11_image_000000105830_78.png
0.0746789 -0.0183822 0.08927 ../Cropped/GeneratedImgs/020/B53/053001242_002_000002_16.png
-0.0292789 0.0421428 0.0339283 ../Cropped/GeneratedImgs/020/B77/077000245_002_004200_03.png
0.0447761 -0.227969 -0.0813778 ../Cropped/img_014b/GeneratedImgs/014b/Campagne_IR_Pose_20150710/cam1/2/183226523_cam1_2_image_000000070563_01.png
-0.2265 -0.0859433 0.104759 ../Cropped/GeneratedImgs/020/B73/sea/149/073000149_002_111216_21.png
0.253358 -0.00931611 0.0265022 ../Cropped/GeneratedImgs/020/B73/sea/060/073000060_002_111218_12.png
-0.131506 0.0535189 0.02412 ../Cropped/GeneratedImgs/020/afw/4555082379_1_16.png
0.291552 -0.193873 -0.0915956 ../Cropped/GeneratedImgs/022/B73/sea/060/073000060_002_111305_01.png
0.15305 -0.0896667 0.0120106 ../Cropped/GeneratedImgs/020/B33/P02/18/033000018_003_000098_r179_03.png
-0.219489 0.0293539 -0.0810067 ../Cropped/GeneratedImgs/020/B33_black/P02/287/033000287_003_000006_r065_12.png
-0.162667 0.02766 -0.0808339 ../Cropped/GeneratedImgs/020/B73/sea/150/073000150_002_121018_16.png
-0.106141 -0.184725 -0.00507889 ../Cropped/img_014b/GeneratedImgs/014b/Campagne_IR_Pose_20150710/cam1/15/182826699_cam1_15_image_000000061109_07.png
0.128842 0.0312756 0.0477344 ../Cropped/GeneratedImgs/020/afw/364259537_1_05.png
-0.207986 -0.0681733 0.07845 ../Cropped/GeneratedImgs/020/B33_black/P02/808/033000808_003_000006_r150_36.png
0.261817 -0.103576 -0.0602372 ../Cropped/GeneratedImgs/020/B33/P02/281/033000281_003_000008_r122_11.png
0.218032 -0.0310344 0.0753967 ../Cropped/GeneratedImgs/020/B73/sea/110/073000110_002_110612_24.png
0.0344133 -0.144082 0.0570656 ../Cropped/GeneratedImgs/020/B53/053004712_002_000001_06.png
0.0444022 0.0162928 -0.00602389 ../Cropped/GeneratedImgs/020/B53/053000061_002_000003_03.png
0.0353611 -0.0240378 -0.00577222 ../Cropped/GeneratedImgs/020/B33/P02/817/033000817_003_000002_r036_03.png
-0.154249 0.0375589 -0.09107 ../Cropped/GeneratedImgs/020/B33_black/P02/808/033000808_003_000006_r148_16.png
0.113937 0.0361667 0.100994 ../Cropped/GeneratedImgs/020/B53/053005620_002_000001_11.png
0.0929678 -0.0360456 -0.00746556 ../Cropped/GeneratedImgs/020/B33_black/P02/30/033000030_003_000057_r101_63.png
0.0508172 -0.0269833 0.0987106 ../Cropped/GeneratedImgs/020/B33_black/P02/153/033000153_003_000009_r356_08.png
0.164464 0.0333644 0.0869828 ../Cropped/GeneratedImgs/020/B73/sea/122/073000122_002_230614_21.png
0.168687 -0.156784 -0.146029 ../Cropped/GeneratedImgs/020/afw/1587030290_1_87.png
-0.207116 -0.146064 0.113777 ../Cropped/GeneratedImgs/020/B33/P02/813/033000813_003_000002_r021_44.png
-0.186429 -0.0118444 -0.0374539 ../Cropped/GeneratedImgs/020/B53/053002792_002_000002_33.png
-0.180461 0.0180833 -0.0177356 ../Cropped/GeneratedImgs/020/B33/P02/821/033000821_003_000002_r039_03.png
0.224966 0.0137522 0.113319 ../Cropped/GeneratedImgs/020/B73/sea/162/073000162_002_110403_06.png
-0.00756 -0.140239 0.07195 ../Cropped/GeneratedImgs/020/B77/077000611_002_009300_09.png
0.0815378 -0.150609 -0.0517517 ../Cropped/img_014b/GeneratedImgs/014b/Campagne_IR_Pose_20150710/cam1/12/2324076121_cam1_12_image_000000042115_37.png
-0.136889 -0.0675811 -0.00188278 ../Cropped/GeneratedImgs/020/B53/053002155_002_000006_18.png
-0.147397 0.0570067 -0.0486094 ../Cropped/GeneratedImgs/020/B33_black/P02/821/033000821_003_000002_r097_05.png
0.0581222 -0.00645667 -0.0284139 ../Cropped/GeneratedImgs/020/B77/077000050_002_002101_09.png
-0.226764 -0.139332 0.147742 ../Cropped/GeneratedImgs/020/B73/sea/019/073000019_002_111310_00.png
-0.207955 -0.0936922 -0.00717556 ../Cropped/GeneratedImgs/020/B33/P02/13/033000013_003_000157_r260_05.png
0.122423 -0.112818 -0.0540528 ../Cropped/GeneratedImgs/020/B73/sea/047/073000047_002_220611_03.png
0.0929194 -0.157533 -0.0402033 ../Cropped/GeneratedImgs/020/B53/053005066_002_000017_37.png
0.13708 -0.0830728 -0.0459806 ../Cropped/GeneratedImgs/020/B77/077000232_002_003210_10.png
-0.2225 0.0417633 -0.05476 ../Cropped/GeneratedImgs/020/B33/P02/821/033000821_003_000002_r041_17.png
-0.122973 -0.143424 0.0670083 ../Cropped/GeneratedImgs/020/B73/sea/103/073000103_002_121011_13.png
-0.197278 -0.0481017 -0.0151394 ../Cropped/GeneratedImgs/022/B73/sea/023/073000023_002_111204_00.png
0.0725517 0.00351278 -0.0295756 ../Cropped/GeneratedImgs/020/B53/053001593_002_000001_02.png
-0.196408 -0.00854667 -0.0570517 ../Cropped/GeneratedImgs/020/B33_black/P02/191/033000191_003_000007_r128_40.png
0.0807833 -0.142147 -0.0267711 ../Cropped/GeneratedImgs/020/B73/sea/117/073000117_002_110711_07.png
-0.194067 -0.0875372 -0.0199283 ../Cropped/GeneratedImgs/022/B73/sea/030/073000030_002_121210_00.png
-0.325566 -0.150354 0.0192411 ../Cropped/GeneratedImgs/022/B73/sea/232/073000232_002_111316_00.png
-0.166556 0.0541817 -0.164205 ../Cropped/GeneratedImgs/020/B33_black/P02/813/033000813_003_000002_r081_49.png
0.0597867 -0.148138 0.0593656 ../Cropped/GeneratedImgs/020/B53/053001143_002_000001_01.png
-0.20581 -0.275497 0.134001 ../Cropped/GeneratedImgs/022/B73/sea/207/073000207_002_120312_01.png
-0.434924 -0.0234956 -0.00972611 ../Cropped/GeneratedImgs/022/B73/sea/009/073000009_002_121506_00.png
-0.182021 -0.139636 0.139187 ../Cropped/GeneratedImgs/020/B33/P02/811/033000811_003_000002_r070_14.png
-0.202602 0.0175706 -0.0259022 ../Cropped/GeneratedImgs/020/B73/sea/098/073000098_002_220604_82.png
0.367331 -0.0801044 -0.00606389 ../Cropped/GeneratedImgs/022/B73/sea/250/073000250_002_110301_01.png
-0.0306789 -0.157951 -0.062425 ../Cropped/GeneratedImgs/020/B53/053005501_002_000001_25.png
-0.227488 -0.0381544 0.0484372 ../Cropped/GeneratedImgs/020/B33_black/P02/27/033000027_003_000105_r064_18.png
0.0121222 -0.126546 0.0976561 ../Cropped/GeneratedImgs/020/B77/077000270_002_005310_04.png
-0.253526 -0.108355 0.03563 ../Cropped/GeneratedImgs/020/B33_black/P02/807/033000807_003_000003_r131_03.png
0.00603556 0.0183272 0.0761828 ../Cropped/GeneratedImgs/020/B53/053001011_002_000002_04.png
0.0805178 -0.0480511 -0.0749628 ../Cropped/GeneratedImgs/020/B33_black/P02/1/033000001_003_000249_r032_07.png
-0.250838 -0.170669 0.0294944 ../Cropped/GeneratedImgs/022/B73/sea/154/073000154_002_111212_01.png
0.235586 -0.015135 0.00197 ../Cropped/GeneratedImgs/020/B73/sea/091/073000091_002_120418_20.png
-0.0983322 0.0401933 -0.0508444 ../Cropped/GeneratedImgs/020/B53/053005253_002_000010_07.png
0.0938311 -0.0984494 0.0228978 ../Cropped/GeneratedImgs/020/B53/053003567_002_000009_22.png
-0.0726217 0.0451967 0.000575 ../Cropped/GeneratedImgs/020/B53/053003049_002_000003_01.png
0.304189 -0.124438 0.00318722 ../Cropped/GeneratedImgs/022/B73/sea/011/073000011_002_110319_00.png
-0.0741594 -0.273429 0.0613461 ../Cropped/img_014b/GeneratedImgs/014b/Campagne_IR_Pose_20150710/cam1/2/2207614185_cam1_2_image_000000014019_73.png
0.033575 -0.0890361 0.00671722 ../Cropped/GeneratedImgs/020/B33_black/P02/140/033000140_003_000009_r438_15.png
-0.243651 -0.0464311 -0.00567444 ../Cropped/GeneratedImgs/022/B73/sea/223/073000223_002_111208_00.png
-0.0191406 0.00422833 0.0175961 ../Cropped/GeneratedImgs/020/B53/053003942_002_000008_10.png
-0.117314 -0.0130267 -0.0343589 ../Cropped/GeneratedImgs/020/B33/P02/153/033000153_003_000009_r352_00.png
0.0574917 0.0310011 0.045615 ../Cropped/GeneratedImgs/020/B33_black/P02/287/033000287_003_000007_r311_01.png
0.373192 -0.245392 -0.216337 ../Cropped/GeneratedImgs/022/B73/sea/093/073000093_002_111404_00.png
-0.201788 -0.107406 0.0567244 ../Cropped/GeneratedImgs/020/afw/1587030290_1_19.png
0.195782 -0.144924 -0.137792 ../Cropped/GeneratedImgs/020/B33_black/P02/203/033000203_003_000007_r031_04.png
-0.0755561 -0.0140556 -0.0566189 ../Cropped/GeneratedImgs/020/B73/sea/208/073000208_002_220705_05.png
-0.14756 -0.0500528 -0.0343222 ../Cropped/GeneratedImgs/020/B53/053004781_002_000001_22.png
-0.0181033 -0.0526256 0.0385856 ../Cropped/GeneratedImgs/020/B53/053005082_002_000001_06.png
0.442613 -0.393058 -0.371707 ../Cropped/GeneratedImgs/022/B73/sea/095/073000095_002_120218_01.png
-0.434818 -0.230297 0.22593 ../Cropped/GeneratedImgs/022/B73/sea/127/073000127_002_111515_01.png
-0.176213 -0.327174 0.138422 ../Cropped/GeneratedImgs/022/B73/sea/226/073000226_002_110308_00.png
0.0959206 0.0292706 0.0305228 ../Cropped/GeneratedImgs/020/B53/053002784_002_000003_03.png
0.306367 -0.06845 0.0500333 ../Cropped/GeneratedImgs/022/B73/sea/160/073000160_002_111305_00.png
0.201727 -0.0833511 -0.104672 ../Cropped/GeneratedImgs/020/B73/sea/121/073000121_002_111205_45.png
0.260829 -0.0606811 0.0340011 ../Cropped/GeneratedImgs/020/B73/sea/063/073000063_002_110416_05.png
0.0929367 -0.111287 -0.0967294 ../Cropped/GeneratedImgs/020/B73/sea/135/073000135_002_110718_10.png
-0.235516 0.048305 -0.0896183 ../Cropped/GeneratedImgs/020/B73/sea/036/073000036_002_121217_94.png
0.103024 -0.0617439 0.0707289 ../Cropped/GeneratedImgs/020/B53/053001552_002_000002_02.png
0.0538733 -0.0945556 0.03499 ../Cropped/GeneratedImgs/020/B33_black/P02/306/033000306_003_000005_r077_19.png
-0.121819 -0.09948 0.0649894 ../Cropped/GeneratedImgs/020/B73/sea/079/073000079_002_121011_14.png
-0.225868 -0.0237917 -0.0255889 ../Cropped/GeneratedImgs/020/B73/sea/175/073000175_002_220613_59.png
-0.0485767 -0.127792 0.0836167 ../Cropped/GeneratedImgs/020/B53/053003120_002_000001_07.png
0.245259 -0.00804278 -0.0450189 ../Cropped/GeneratedImgs/020/B53/053000015_002_000003_67.png
-0.188273 -0.0450867 0.00148889 ../Cropped/GeneratedImgs/020/B73/sea/083/073000083_002_220617_08.png
0.109306 0.0575439 0.0427844 ../Cropped/GeneratedImgs/020/B53/053004637_002_000001_09.png
0.174428 -0.220758 -0.0697006 ../Cropped/img_014b/GeneratedImgs/014b/Campagne_IR_Pose_20150710/cam1/10/2207819129_cam1_10_image_000000132147_85.png
-0.202614 -0.218893 -0.0123872 ../Cropped/img_014b/GeneratedImgs/014b/Campagne_IR_Pose_20150710/cam1/5/182792827_cam1_5_image_000000098518_92.png
0.205301 -0.140176 -0.145016 ../Cropped/GeneratedImgs/022/B73/sea/027/073000027_002_111212_01.png
-0.172359 -0.0425922 0.0193106 ../Cropped/GeneratedImgs/020/B33/P02/191/033000191_003_000007_r036_01.png
-0.145088 -0.187889 0.0278344 ../Cropped/img_014b/GeneratedImgs/014b/Campagne_IR_Pose_20150710/cam1/5/2207615641_cam1_5_image_000000037682_24.png
-0.251195 -0.0242467 -0.0120089 ../Cropped/GeneratedImgs/020/B33_black/P02/835/033000835_003_000002_r033_17.png
-0.283823 -0.145499 0.133034 ../Cropped/GeneratedImgs/022/B73/sea/209/073000209_002_111304_01.png
0.162747 -0.101304 0.0144006 ../Cropped/GeneratedImgs/020/B33_black/P02/808/033000808_003_000006_r212_00.png
-0.160819 -0.128906 0.122869 ../Cropped/GeneratedImgs/020/B73/sea/051/073000051_002_110613_10.png
0.162415 0.0289472 0.0736094 ../Cropped/GeneratedImgs/020/afw/719902933_1_36.png
-0.255579 -0.0584167 -0.0103989 ../Cropped/GeneratedImgs/020/B73/sea/007/073000007_002_110404_03.png
-0.137463 -0.0786317 0.038865 ../Cropped/GeneratedImgs/020/B33_black/P02/1/033000001_003_000250_r212_01.png
0.223685 -0.0811678 -0.107404 ../Cropped/GeneratedImgs/022/B73/sea/065/073000065_002_111216_01.png
0.132164 -0.0891706 0.0703556 ../Cropped/img_014b/GeneratedImgs/014b/Campagne_IR_Pose_20150710/cam1/12/183563307_cam1_12_image_000000056078_22.png
-0.0712133 -0.0461522 0.03468 ../Cropped/GeneratedImgs/020/B33_black/P02/846/033000846_003_000002_r015_02.png
0.195819 -0.101154 0.0345206 ../Cropped/GeneratedImgs/020/B73/sea/063/073000063_002_120408_38.png
-0.0659133 -0.0812867 0.0877222 ../Cropped/GeneratedImgs/020/B73/sea/154/073000154_002_120915_10.png
0.150132 -0.116925 -0.0766706 ../Cropped/GeneratedImgs/020/B73/sea/246/073000246_002_220613_05.png
0.134555 -0.0681972 -0.04597 ../Cropped/GeneratedImgs/020/B73/sea/054/073000054_002_120604_08.png
0.0133156 -0.194022 0.0308356 ../Cropped/GeneratedImgs/020/B33_black/P02/63/033000063_003_000144_r090_02.png
0.223534 0.0277822 0.12113 ../Cropped/GeneratedImgs/020/B33_black/P02/807/033000807_003_000003_r161_09.png
-0.200626 0.0401761 -0.081915 ../Cropped/GeneratedImgs/020/B33_black/P02/835/033000835_003_000002_r176_14.png
0.318908 -0.193507 -0.0929783 ../Cropped/GeneratedImgs/022/B73/sea/220/073000220_002_110302_00.png
-0.245667 -0.114639 -0.0885683 ../Cropped/img_014b/GeneratedImgs/014b/Campagne_IR_Pose_20150710/cam1/10/183205851_cam1_10_image_000000046402_88.png
0.198813 -0.0234889 -0.0528711 ../Cropped/GeneratedImgs/020/B33_black/P02/847/033000847_003_000002_r122_78.png
0.151412 0.00938889 0.0347656 ../Cropped/GeneratedImgs/020/B53/053005423_002_000001_36.png
0.226036 -0.149303 0.0123839 ../Cropped/GeneratedImgs/022/B73/sea/226/073000226_002_111202_00.png
0.300686 -0.182179 -0.0375489 ../Cropped/GeneratedImgs/022/B73/sea/237/073000237_002_110303_00.png
-0.0500317 -0.165956 -0.0588467 ../Cropped/GeneratedImgs/020/B33_black/P02/845/033000845_003_000005_r072_07.png
0.0629722 -0.00567833 -0.128294 ../Cropped/GeneratedImgs/020/B53/053004127_002_000002_06.png
-0.471879 -0.493804 0.435307 ../Cropped/GeneratedImgs/022/B73/sea/105/073000105_002_111509_01.png
0.148478 -0.0350644 -0.0596311 ../Cropped/GeneratedImgs/020/B33_black/P02/817/033000817_003_000002_r140_20.png
-0.250529 -0.0901728 0.0227067 ../Cropped/GeneratedImgs/020/B73/sea/108/073000108_002_120408_32.png
0.200862 -0.0994389 -0.0297928 ../Cropped/GeneratedImgs/020/B33_black/P02/843/033000843_003_000002_r119_39.png
0.32579 -0.339189 -0.331071 ../Cropped/GeneratedImgs/022/B73/sea/090/073000090_002_110202_01.png
0.192715 -0.100883 -0.0609222 ../Cropped/GeneratedImgs/020/B73/sea/045/073000045_002_121213_13.png
0.339568 -0.435628 -0.412912 ../Cropped/GeneratedImgs/022/B73/sea/188/073000188_002_111413_01.png
-0.040265 0.00380222 0.105748 ../Cropped/GeneratedImgs/020/B33_black/P02/13/033000013_003_000156_r136_01.png
-0.232652 -0.208411 0.0830294 ../Cropped/img_014b/GeneratedImgs/014b/Campagne_IR_Pose_20150710/cam1/1/1134593127_cam1_1_image_000000021328_04.png
-0.156856 0.0291039 -0.0409217 ../Cropped/GeneratedImgs/020/B73/sea/069/073000069_002_120602_02.png
-0.124067 -0.140585 0.0785089 ../Cropped/img_014b/GeneratedImgs/014b/Campagne_IR_Pose_20150710/cam1/13/1134593127_cam1_13_image_000000057452_46.png
0.206398 0.0146778 0.0468339 ../Cropped/GeneratedImgs/020/B53/053001498_002_000001_04.png
0.189211 0.074745 0.111189 ../Cropped/GeneratedImgs/020/B53/053005172_002_000007_47.png
0.195093 -0.0150906 0.0180178 ../Cropped/GeneratedImgs/022/B73/sea/192/073000192_002_111213_01.png
0.163996 0.0287972 0.117733 ../Cropped/GeneratedImgs/020/B53/053005542_002_000011_21.png
-0.207533 -0.168471 0.124032 ../Cropped/GeneratedImgs/020/B33/P02/811/033000811_003_000002_r258_00.png
-0.274102 -0.15078 0.103418 ../Cropped/GeneratedImgs/022/B73/sea/056/073000056_002_120306_00.png
0.252653 0.0359161 0.0605483 ../Cropped/GeneratedImgs/022/B73/sea/115/073000115_002_111219_00.png
0.0386494 -0.177753 -0.0291522 ../Cropped/GeneratedImgs/020/B53/053000451_002_000002_27.png
0.000771111 -0.144235 0.00231444 ../Cropped/GeneratedImgs/020/B53/053005534_002_000001_43.png
-0.134072 -0.103952 0.0247306 ../Cropped/GeneratedImgs/020/B73/sea/045/073000045_002_111011_09.png
-0.108431 0.0203328 -0.0494428 ../Cropped/GeneratedImgs/020/B73/sea/291/073000291_002_220707_14.png
0.100762 -0.0289183 0.0531867 ../Cropped/GeneratedImgs/020/B33_black/P02/281/033000281_003_000008_r054_00.png
0.0228656 -0.157532 0.0591739 ../Cropped/GeneratedImgs/020/B77/077000618_002_008301_11.png
0.109661 0.03354 0.0673106 ../Cropped/GeneratedImgs/020/B33/P02/18/033000018_003_000098_r200_00.png
-0.0225389 -0.0579189 0.0186356 ../Cropped/GeneratedImgs/020/B33_black/P02/834/033000834_003_000002_r116_00.png
0.179696 0.0514239 0.0787761 ../Cropped/GeneratedImgs/020/B33/P02/832/033000832_003_000002_r146_12.png
-0.200012 0.000335556 0.0122711 ../Cropped/GeneratedImgs/020/B33_black/P02/847/033000847_003_000002_r122_33.png
-0.343198 0.0908489 -0.177963 ../Cropped/GeneratedImgs/022/B73/sea/151/073000151_002_121411_00.png
-0.00669056 -0.207638 -0.0557906 ../Cropped/GeneratedImgs/020/B77/077000015_002_000310_00.png
-0.0604178 0.014645 0.0486578 ../Cropped/GeneratedImgs/020/B53/053005048_002_000001_02.png
0.107561 -0.106585 -0.0145617 ../Cropped/GeneratedImgs/020/B33_black/P02/306/033000306_003_000005_r103_77.png
0.249768 0.0346461 0.0580072 ../Cropped/GeneratedImgs/022/B73/sea/235/073000235_002_111203_01.png
0.127834 -0.172756 -0.0744506 ../Cropped/GeneratedImgs/020/B33_black/P02/845/033000845_003_000004_r160_08.png
0.0943033 -0.0322689 -0.0310033 ../Cropped/GeneratedImgs/020/helen/trainset/1063957157_1_15.png
0.229943 -0.00902056 0.0590739 ../Cropped/GeneratedImgs/020/B73/sea/130/073000130_002_110409_18.png
-0.345446 -0.154398 0.0872028 ../Cropped/GeneratedImgs/022/B73/sea/103/073000103_002_110206_00.png
0.183142 -0.151912 -0.114781 ../Cropped/GeneratedImgs/022/B73/sea/207/073000207_002_111201_00.png
0.196895 -0.05296 -0.068315 ../Cropped/GeneratedImgs/020/B73/sea/042/073000042_002_220619_12.png
-0.218433 -0.169682 0.0905589 ../Cropped/GeneratedImgs/020/B73/sea/219/073000219_002_120317_89.png
0.254284 -0.00764556 0.0476717 ../Cropped/GeneratedImgs/020/B73/sea/228/073000228_002_111214_17.png
-0.378054 -0.355412 0.381082 ../Cropped/GeneratedImgs/022/B73/sea/019/073000019_002_111513_01.png
0.228732 -0.0525817 -0.0191867 ../Cropped/GeneratedImgs/020/afw/14424972_1_33.png
-0.193717 0.0443922 -0.0207744 ../Cropped/GeneratedImgs/020/B73/sea/117/073000117_002_110506_40.png
0.00110722 0.0468844 -0.00447111 ../Cropped/GeneratedImgs/020/B77/077000214_002_005000_16.png
-0.00261389 0.0491678 -0.0697639 ../Cropped/GeneratedImgs/020/B53/053001451_002_000002_11.png
0.11698 -0.0148506 -0.0641678 ../Cropped/GeneratedImgs/020/B77/077000444_002_007200_02.png
-0.0236639 -0.0963044 -0.0442717 ../Cropped/GeneratedImgs/020/B53/053004902_002_000001_16.png
-0.250384 -0.134514 -0.0118022 ../Cropped/GeneratedImgs/022/B73/sea/232/073000232_002_110312_01.png
0.212342 0.0139722 0.00566611 ../Cropped/GeneratedImgs/020/B73/sea/183/073000183_002_111210_04.png
0.136932 0.0279728 0.102288 ../Cropped/GeneratedImgs/020/B73/sea/010/073000010_002_120609_03.png
0.202331 0.0352094 0.0393817 ../Cropped/GeneratedImgs/020/B33_black/P02/45/033000045_003_000117_r213_02.png
0.0332483 -0.0981139 -0.000559444 ../Cropped/GeneratedImgs/020/B53/053001418_002_000004_29.png
-0.233289 -0.191497 -0.00442 ../Cropped/img_014b/GeneratedImgs/014b/Campagne_IR_Pose_20150710/cam1/10/2207647929_cam1_10_image_000000091891_03.png
0.438931 -0.272193 -0.255794 ../Cropped/GeneratedImgs/022/B73/sea/211/073000211_002_111510_00.png
-0.0998906 0.0435128 -0.0300122 ../Cropped/GeneratedImgs/020/B53/053001990_002_000001_03.png
0.0694594 -0.0248511 0.0952917 ../Cropped/GeneratedImgs/020/B33_black/P02/249/033000249_003_000006_r135_01.png
-0.235585 0.00675556 -0.00979722 ../Cropped/GeneratedImgs/020/B33_black/P02/811/033000811_003_000002_r265_71.png
-0.015075 -0.0236539 0.00267278 ../Cropped/GeneratedImgs/020/B53/053001147_002_000003_09.png
0.148096 -0.0342544 0.0785617 ../Cropped/GeneratedImgs/020/B53/053002155_002_000006_29.png
0.0112078 0.0255511 0.020905 ../Cropped/GeneratedImgs/020/B53/053000973_002_000001_03.png
-0.187912 0.0454728 -0.121099 ../Cropped/GeneratedImgs/020/B73/sea/147/073000147_002_110609_00.png
0.423714 -0.24448 -0.230062 ../Cropped/GeneratedImgs/022/B73/sea/192/073000192_002_111418_00.png
-0.140686 -0.0203711 0.00298778 ../Cropped/GeneratedImgs/020/B77/077000297_002_003210_31.png
0.195433 -0.0880628 -0.0744139 ../Cropped/GeneratedImgs/020/B33/P02/13/033000013_003_000157_r173_09.png
-0.404703 -0.317496 0.145804 ../Cropped/GeneratedImgs/022/B73/sea/182/073000182_002_110107_00.png
-0.0874244 0.0404933 -0.127683 ../Cropped/GeneratedImgs/020/B53/053004631_002_000003_27.png
0.14959 -0.143585 -0.0633694 ../Cropped/GeneratedImgs/020/B73/sea/133/073000133_002_121014_02.png
0.0494122 0.00884167 0.0714322 ../Cropped/GeneratedImgs/020/B77/077000291_002_004101_00.png
-0.0152811 -0.0651667 -0.104642 ../Cropped/GeneratedImgs/020/B77/077000215_002_005311_02.png
0.0536594 -0.05222 0.09495 ../Cropped/GeneratedImgs/020/B53/053000587_002_000001_07.png
-0.0567578 -0.0667083 0.00822333 ../Cropped/GeneratedImgs/020/B73/sea/125/073000125_002_120913_00.png
-0.00384556 0.0281994 -0.0256006 ../Cropped/GeneratedImgs/020/B53/053004297_002_000003_21.png
